http://www.random.org/integers/?num=100&min=1000&max=9999&col=1&base=10&format=html&rnd=new
9877
9597
4354
2687
2529
2501
2871
4351
7928
7389
6985
5465
3425
3858
3896
2756
9890
1941
1435
3599
4555
4617
6309
4133
6232
1927
8403
4298
2475
6771
3868
1647
8770
5728
4702
2925
2153
8200
1733
4801
8113
8052
3078
2014
5529
6034
6844
8730
3354
9571
5531
4637
8886
6294
7737
3599
5625
4600
2223
4825
8231
1679
4639
2165
4520
8041
2911
5839
2991
4094
3433
9784
9687
9512
5906
6623
6647
6762
4195
8130
2863
3470
7321
9769
8454
8183
6480
1656
8791
6208
8695
8093
7243
8786
6824
1510
2403
1138
1737
9900